01012004
02012004
03012004
04012004
05012004
06012004
07012004
08012004
09012004
10012004
11012004
12012004
13012004
14012004
15012004
16012004
17012004
18012004
19012004
20012004
21012004
22012004
23012004
24012004
25012004
26012004
27012004
28012004
29012004
30012004
31012004
01022004
02022004
03022004
04022004
05022004
06022004
07022004
08022004
09022004
10022004
11022004
12022004
13022004
14022004
15022004
16022004
17022004
18022004
19022004
20022004
21022004
22022004
23022004
24022004
25022004
26022004
27022004
28022004
29022004
30022004
31022004
01032004
02032004
03032004
04032004
05032004
06032004
07032004
08032004
09032004
10032004
11032004
12032004
13032004
14032004
15032004
16032004
17032004
18032004
19032004
20032004
21032004
22032004
23032004
24032004
25032004
26032004
27032004
28032004
29032004
30032004
31032004
01042004
02042004
03042004
04042004
05042004
06042004
07042004
08042004
09042004
10042004
11042004
12042004
13042004
14042004
15042004
16042004
17042004
18042004
19042004
20042004
21042004
22042004
23042004
24042004
25042004
26042004
27042004
28042004
29042004
30042004
31042004
01052004
02052004
03052004
04052004
05052004
06052004
07052004
08052004
09052004
10052004
11052004
12052004
13052004
14052004
15052004
16052004
17052004
18052004
19052004
20052004
21052004
22052004
23052004
24052004
25052004
26052004
27052004
28052004
29052004
30052004
31052004
01062004
02062004
03062004
04062004
05062004
06062004
07062004
08062004
09062004
10062004
11062004
12062004
13062004
14062004
15062004
16062004
17062004
18062004
19062004
20062004
21062004
22062004
23062004
24062004
25062004
26062004
27062004
28062004
29062004
30062004
31062004
01072004
02072004
03072004
04072004
05072004
06072004
07072004
08072004
09072004
10072004
11072004
12072004
13072004
14072004
15072004
16072004
17072004
18072004
19072004
20072004
21072004
22072004
23072004
24072004
25072004
26072004
27072004
28072004
29072004
30072004
31072004
01082004
02082004
03082004
04082004
05082004
06082004
07082004
08082004
09082004
10082004
11082004
12082004
13082004
14082004
15082004
16082004
17082004
18082004
19082004
20082004
21082004
22082004
23082004
24082004
25082004
26082004
27082004
28082004
29082004
30082004
31082004
01092004
02092004
03092004
04092004
05092004
06092004
07092004
08092004
09092004
10092004
11092004
12092004
13092004
14092004
15092004
16092004
17092004
18092004
19092004
20092004
21092004
22092004
23092004
24092004
25092004
26092004
27092004
28092004
29092004
30092004
31092004
01102004
02102004
03102004
04102004
05102004
06102004
07102004
08102004
09102004
10102004
11102004
12102004
13102004
14102004
15102004
16102004
17102004
18102004
19102004
20102004
21102004
22102004
23102004
24102004
25102004
26102004
27102004
28102004
29102004
30102004
31102004
01112004
02112004
03112004
04112004
05112004
06112004
07112004
08112004
09112004
10112004
11112004
12112004
13112004
14112004
15112004
16112004
17112004
18112004
19112004
20112004
21112004
22112004
23112004
24112004
25112004
26112004
27112004
28112004
29112004
30112004
31112004
01122004
02122004
03122004
04122004
05122004
06122004
07122004
08122004
09122004
10122004
11122004
12122004
13122004
14122004
15122004
16122004
17122004
18122004
19122004
20122004
21122004
22122004
23122004
24122004
25122004
26122004
27122004
28122004
29122004
30122004
31122004